x0 = 547
y0 = 377
fx = 1.84
fy = 1.82